chromosome	start	stop	ab_initio_tx_id	Human_PB	Chimp_PB	Gorilla_PB	Orangutan_PB	Rhesus_PB	gene_id	gene_name
000233F_qp_33k	13675	13801	augPB-3858.t3	0	0	0	1	0	ENSG00000079432.7	CIC
1	12439938	12439993	augPB-7190.t4	0	0	0	1	0	ENSG00000116984.13	MTR
1	14931948	14932045	augPB-7207.t3	1	5	2	1	15	ENSG00000059588.10	TARBP1
1	16969882	16969963	augPB-7217.t2	0	0	0	1	4	ENSG00000116991.10	SIPA1L2
1	21421015	21421151	augPB-7250.t2	0	0	0	1	0	ENSG00000143774.16	GUK1
1	21820893	21821149	augPB-7257.t1	0	0	0	2	4	ENSG00000081692.12	JMJD4
1	31184911	31185186	augPB-7312.t1	3	6	24	16	68	ENSG00000067533.6	RRP15
1	31878159	31878272	augPB-7313.t2	1	1	2	3	0	ENSG00000092978.11	GPATCH2
1	39323232	39323325	augPB-7342.t1	0	0	0	3	0	ENSG00000203706.8	SERTAD4-AS1
1	42204961	42205519	augPB-7354.t4	0	0	1	2	0	ENSG00000196352.15	CD55
1	43849184	43849331	augPB-7372.t2	16	14	22	20	26	ENSG00000069275.13	NUCKS1
1	45385857	45386037	augPB-7388.t1	0	0	0	1	0	ENSG00000143850.16	PLEKHA6
1	45497728	45497840	augPB-7391.t2	4	3	3	1	5	ENSG00000143842.15	SOX13
1	46853479	46853608	augPB-7409.t1	0	0	0	1	0	ENSG00000117139.18	KDM5B
1	47057919	47058048	augPB-7410.t1	0	2	8	4	3	ENSG00000143858.12	SYT2
1	63575395	63575485	augPB-7460.t1	4	3	4	2	23	ENSG00000157181.16	ODR4
1	67038335	67038427	augPB-7478.t2	0	0	0	1	0	ENSG00000157060.16	SHCBP1L
1	67185624	67185737	augPB-7480.t8	0	0	0	1	0	ENSG00000135838.13	NPL
1	77642232	77642285	augPB-7530.t3	2	0	0	1	6	ENSG00000094975.14	SUCO
1	88527349	88527581	augPB-7586.t2	0	0	0	2	9	ENSG00000162745.10	OLFML2B
1	88675437	88675549	augPB-7587.t2	0	1	1	2	16	ENSG00000118217.6	ATF6
1	94200092	94200229	augPB-7653.t4	5	12	1	2	27	ENSG00000183856.11	IQGAP3
1	95018135	95018320	augPB-7675.t1	41	32	17	12	491	ENSG00000203761.5	MSTO2P
1	99038456	99038677	augPB-7747.t1	0	0	0	1	0	ENSG00000182134.16	TDRKH
1	99817633	99817784	augPB-7772.t3	0	0	1	1	11	ENSG00000143409.15	MINDY1
1	99996956	99997116	augPB-7776.t1	7	3	5	10	28	ENSG00000143437.21	ARNT
1	100314157	100314255	augPB-7783.t3	0	0	1	6	11	ENSG00000143374.17	TARS2
1	100346706	100347888	augCGP-7701.t1	0	3	1	2	40	ENSG00000163125.15	RPRD2
1	100377248	100377376	augPB-7784.t2	0	0	0	1	0	ENSG00000163125.15	RPRD2
1	105298107	105298163	augPB-7829.t1	0	0	0	1	0	ENSG00000224335.2	AC239809.1
1	107535137	107535224	augPB-7850.t1	1	2	0	4	1	ENSG00000116874.11	WARS2
1	109542553	109542702	augPB-7858.t2	5	8	4	11	44	ENSG00000116830.12	TTF2
1	119067384	119067510	augPB-7953.t1	0	0	0	1	2	ENSG00000134215.16	VAV3
1	132665710	132665812	augPB-7986.t3	0	0	0	16	0	ENSG00000117528.14	ABCD3
1	136206151	136206274	augPB-8008.t1	4	8	6	4	80	ENSG00000122482.21	ZNF644
1	144696567	144696681	augPB-8041.t1	0	0	0	5	2	ENSG00000233290.3	AL157944.1
1	151102388	151102476	augPB-8054.t1	0	0	0	1	0	ENSG00000184005.11	ST6GALNAC3
1	152624927	152625027	augPB-8056.t4	0	0	0	1	0	ENSG00000162623.16	TYW3
1	163289961	163290056	augPB-8087.t1	0	0	0	1	11	ENSG00000177414.13	UBE2U
1	173584267	173584352	augPB-8135.t2	27	24	16	5	574	ENSG00000116209.12	TMEM59
1	175214234	175214655	augPB-8155.t4	0	0	0	1	9	ENSG00000134744.14	TUT4
1	175251486	175251841	augCGP-8095.t1	0	149	75	83	70	ENSG00000085840.13	ORC1
1	176359842	176359990	augPB-8167.t2	0	0	0	1	0	ENSG00000085831.15	TTC39A
1	180603453	180603544	augPB-8183.t2	0	0	0	1	0	ENSG00000186377.8	CYP4X1
1	187481534	187481633	augPB-8272.t1	2	0	0	3	0	ENSG00000187801.15	ZFP69B
1	191262958	191263047	augPB-8315.t1	0	0	0	1	0	ENSG00000163873.10	GRIK3
1	191667570	191667711	augPB-8322.t2	5	5	13	22	309	ENSG00000054118.15	THRAP3
1	197030416	197030522	augPB-8389.t1	3	10	3	4	74	ENSG00000134644.15	PUM1
1	201637337	201637436	augPB-8442.t1	0	0	0	1	0	ENSG00000117682.17	DHDDS
1	201912266	201912292	augPB-8448.t1	0	0	0	1	0	ENSG00000142675.18	CNKSR1
1	211110726	211110894	augPB-8541.t1	1	1	0	1	4	ENSG00000058453.17	CROCC
1	217136565	217136642	augPB-8590.t1	0	1	0	1	0	ENSG00000204624.8	DISP3
1	217551594	217551660	augCGP-8579.t1	0	26	28	20	436	ENSG00000198793.13	MTOR
1	220882009	220882047	augPB-8620.t1	0	0	0	1	0	ENSG00000049246.14	PER3
1	222185212	222185358	augCGP-8622.t1	0	0	2	1	79	ENSG00000171680.22	PLEKHG5
10	5460533	5460686	augPB-6501.t1	0	0	0	2	0	ENSG00000178462.12	TUBAL3
10	6015147	6015316	augCGP-11833.t1	0	0	0	15	0	ENSG00000134452.19	FBH1
10	6629021	6629219	augPB-6512.t2	0	0	0	1	0	ENSG00000065675.15	PRKCQ
10	17255425	17255748	augPB-6555.t2	1	1	6	2	5	ENSG00000107614.22	TRDMT1
10	21644605	21644678	augPB-6566.t1	0	1	0	1	0	ENSG00000204682.8	MIR1915HG
10	21706503	21706603	augPB-6567.t2	0	0	0	2	0	ENSG00000078403.17	MLLT10
10	24700693	24701102	augPB-6580.t1	0	5	0	2	5	ENSG00000120549.18	KIAA1217
10	27660228	27660439	augPB-6593.t1	0	0	0	1	0	ENSG00000238021.6	ARMC4P1
10	29999265	29999410	augCGP-11931.t1	0	0	0	2	0	ENSG00000197321.14	SVIL
10	31491965	31492115	augPB-6609.t4	0	0	0	2	0	ENSG00000183621.15	ZNF438
10	34800819	34800942	augPB-6618.t3	0	0	0	1	0	ENSG00000148498.16	PARD3
10	61542667	61542770	augPB-6724.t1	0	1	1	2	11	ENSG00000148660.20	CAMK2G
10	61957737	61957815	augPB-6733.t3	1	0	0	1	114	ENSG00000156042.18	CFAP70
10	61970626	61970740	augPB-6733.t2	0	0	0	1	7	ENSG00000156042.18	CFAP70
10	64501460	64501485	augPB-6754.t1	0	0	0	2	0	ENSG00000166224.17	SGPL1
10	66223642	66223749	augPB-6775.t2	0	0	0	108	980	ENSG00000122958.15	VPS26A
10	66935957	66936044	augCGP-12115.t1	25	24	9	3	6	ENSG00000138336.9	TET1
10	77278861	77278982	augPB-6817.t1	0	0	0	3	0	ENSG00000072401.15	UBE2D1
10	79335342	79335469	augPB-6820.t3	0	0	0	2	1	ENSG00000122952.17	ZWINT
10	86425664	86425764	augPB-6834.t1	0	0	0	1	0	ENSG00000184719.12	RNLS
10	87936234	87936394	augPB-6845.t1	0	0	0	2	0	ENSG00000138182.14	KIF20B
10	87940463	87940637	augPB-6845.t1	0	0	0	1	0	ENSG00000138182.14	KIF20B
10	89643399	89643538	augPB-6849.t3	0	0	0	1	3	ENSG00000165338.16	HECTD2
10	89654134	89654302	augPB-6849.t1	0	0	0	3	2	ENSG00000165338.16	HECTD2
10	90120466	90120480	augPB-6853.t3	0	1	0	1	19	ENSG00000095564.14	BTAF1
10	90153541	90153694	augPB-6853.t3	5	10	4	3	17	ENSG00000095564.14	BTAF1
10	93996995	93997075	augCGP-12219.t1	6	0	6	1	4	ENSG00000119977.21	TCTN3
10	99247837	99248832	augPB-6927.t1	6	0	7	1	41	ENSG00000119906.13	SLF2
10	99307307	99307838	augPB-6928.t1	0	0	0	1	0	ENSG00000095539.15	SEMA4G
10	99943942	99944075	augPB-6937.t2	0	0	0	1	0	ENSG00000166171.13	DPCD
10	100509546	100509621	augPB-6948.t1	5	35	2	13	0	ENSG00000166197.16	NOLC1
10	100734981	100735102	augPB-6950.t2	0	1	0	2	0	ENSG00000107862.5	GBF1
10	100736444	100736638	augCGP-12298.t1	10	42	0	5	351	ENSG00000107862.5	GBF1
10	100825935	100826151	augPB-6957.t1	0	1	6	2	0	ENSG00000138111.14	MFSD13A
10	100826318	100826774	augPB-6957.t1	0	0	0	2	57	ENSG00000138111.14	MFSD13A
10	102249942	102250133	augPB-6979.t5	0	0	0	1	0	ENSG00000107960.11	STN1
10	102626404	102626488	augPB-6984.t2	0	0	0	3	0	ENSG00000148834.13	GSTO1
10	112398381	112398460	augPB-7010.t1	0	0	0	1	0	ENSG00000196865.4	NHLRC2
10	118334079	118334108	augPB-7043.t3	0	0	0	1	0	ENSG00000197771.12	MCMBP
10	124332717	124332796	augPB-7076.t3	0	0	0	7	186	ENSG00000107949.17	BCCIP
10	125548550	125548598	augPB-7080.t1	0	0	0	1	0	ENSG00000150760.12	DOCK1
10	131857280	131857370	augPB-7103.t2	0	0	0	1	0	ENSG00000151651.16	ADAM8
10	131882742	131882919	augPB-7104.t3	0	0	0	48	0	ENSG00000130640.13	TUBGCP2
11	48806	48965	augPB-10234.t2	0	0	0	1	1	ENSG00000099849.15	RASSF7
11	6839424	6839529	augPB-10322.t2	0	0	0	1	3	ENSG00000175634.15	RPS6KB2
11	9525317	9525381	augPB-10416.t2	0	0	0	1	0	ENSG00000168067.12	MAP4K2
11	10879770	10880035	augPB-10449.t1	0	0	0	1	0	ENSG00000168004.9	PLAAT5
11	11038648	11038757	augPB-10450.t1	0	0	0	1	0	ENSG00000184999.12	SLC22A10
11	11502139	11502232	augCGP-2771.t1	0	0	118	139	326	ENSG00000168003.16	SLC3A2
11	11768141	11768219	augPB-10474.t1	0	0	0	1	0	ENSG00000149499.11	EML3
11	11774255	11774334	augPB-10475.t1	0	0	0	1	3	ENSG00000149480.7	MTA2
11	17620319	17620535	augPB-10540.t1	1	0	0	3	1	ENSG00000109991.9	P2RX3
11	18894983	18895106	augPB-10546.t2	8	37	3	3	0	ENSG00000030066.13	NUP160
11	19766889	19767031	augPB-10565.t2	0	0	0	1	0	ENSG00000286450.1	AC021573.1
11	19804681	19804883	augCGP-2885.t1	0	0	0	2	39	ENSG00000134569.10	LRP4
11	20779231	20779254	augPB-10582.t2	0	0	0	1	0	ENSG00000121680.16	PEX16
11	22617638	22617797	augPB-10595.t5	0	0	0	1	0	ENSG00000110455.14	ACCS
11	22620077	22620139	augPB-10595.t2	0	0	0	1	0	ENSG00000110455.14	ACCS
11	22623902	22624224	augPB-10595.t3	0	0	0	1	0	ENSG00000110455.14	ACCS
11	30689692	30689824	augPB-10608.t1	0	0	1	3	17	ENSG00000179241.13	LDLRAD3
11	33744630	33744759	augPB-10628.t1	0	0	0	1	8	ENSG00000176148.16	TCP11L1
11	47124071	47125197	augPB-10656.t1	0	0	0	1	0	ENSG00000166833.21	NAV2
11	49705371	49705455	augPB-10678.t1	0	0	0	1	0	ENSG00000070081.17	NUCB2
11	69124273	69124346	augPB-10835.t1	0	0	0	1	1	ENSG00000149260.18	CAPN5
11	75283663	75283766	augPB-10856.t3	4	4	2	1	12	ENSG00000165494.11	PCF11
11	86294026	86294166	augCGP-3213.t1	0	0	17	1	88	ENSG00000166004.15	CEP295
11	87450507	87450699	augPB-10902.t3	0	0	0	5	2	ENSG00000166025.18	AMOTL1
11	94869437	94869557	augPB-10925.t1	2	0	0	1	2	ENSG00000137693.14	YAP1
11	95914513	95914655	augPB-10930.t1	0	0	0	2	33	ENSG00000187240.16	DYNC2H1
11	101004754	101004883	augPB-10944.t4	0	1	0	1	1	ENSG00000149308.17	NPAT
11	106126024	106126205	augPB-10972.t2	1	1	0	2	0	ENSG00000149294.16	NCAM1
11	110255277	110255401	augPB-10996.t1	1	4	3	2	48	ENSG00000110274.16	CEP164
11	118444142	118444238	augPB-11064.t2	0	0	0	7	0	ENSG00000134910.14	STT3A
11	118444710	118444777	augPB-11064.t2	0	0	0	4	0	ENSG00000134910.14	STT3A
11	127219761	127220052	augPB-11100.t1	0	0	0	7	11	ENSG00000166105.16	GLB1L3
12	910657	910791	augPB-11513.t1	0	0	3	4	0	ENSG00000002016.18	RAD52
12	6341217	6341415	augPB-11550.t3	0	0	0	1	0	ENSG00000008323.15	PLEKHG6
12	6716159	6716250	augPB-11565.t1	0	0	0	1	0	ENSG00000139200.13	PIANP
12	19742031	19742101	augPB-11658.t4	0	0	0	1	0	ENSG00000052126.14	PLEKHA5
12	19815433	19815530	augPB-11658.t4	1	0	0	1	2	ENSG00000052126.14	PLEKHA5
12	26535478	26535638	augPB-11680.t1	0	0	0	1	0	ENSG00000152936.10	LMNTD1
12	43350856	43351079	augPB-11737.t3	0	1	0	1	0	ENSG00000139218.18	SCAF11
12	46238363	46238526	augPB-11756.t1	26	1	3	23	486	ENSG00000139620.12	KANSL2
12	46241039	46241207	augPB-11756.t1	25	0	0	22	481	ENSG00000139620.12	KANSL2
12	46671232	46671274	augPB-11769.t3	0	0	0	3	0	ENSG00000139636.15	LMBR1L
12	47226561	47226708	augPB-11780.t2	0	0	0	1	0	ENSG00000110844.13	PRPF40B
12	50892977	50893192	augPB-11833.t3	0	0	0	1	0	ENSG00000135476.12	ESPL1
12	54376983	54377210	augPB-11900.t1	5	42	16	6	225	ENSG00000076108.11	BAZ2A
12	55406743	55406801	augPB-11922.t5	0	0	0	2	0	ENSG00000178498.16	DTX3
12	55427665	55427836	augPB-11925.t2	0	0	0	1	0	ENSG00000135454.14	B4GALNT1
12	62911352	62911382	augPB-11956.t3	0	0	0	1	2	ENSG00000156076.10	WIF1
12	79294429	79294513	augPB-12013.t1	0	0	0	1	0	ENSG00000139220.16	PPFIA2
12	80474791	80474889	augPB-12016.t1	0	0	0	1	0	ENSG00000127720.8	METTL25
12	80494388	80494456	augPB-12016.t1	0	0	0	1	0	ENSG00000127720.8	METTL25
12	96725153	96725266	augPB-12058.t1	0	0	0	1	0	ENSG00000227825.4	SLC9A7P1
12	98641600	98641659	augCGP-10307.t1	0	0	0	1	33	ENSG00000238105.7	GOLGA2P5
12	99403558	99403660	augPB-12069.t1	0	0	0	1	0	ENSG00000151572.18	ANO4
12	110824532	110824636	augCGP-10410.t1	1	2	1	4	46	ENSG00000173064.13	HECTD4
12	119420567	119420581	augPB-12220.t1	0	0	0	1	0	ENSG00000175970.11	UNC119B
12	122819231	122819336	augPB-12274.t1	0	0	0	1	0	ENSG00000178882.15	RFLNA
12	129904070	129904169	augPB-12290.t1	0	0	0	1	0	ENSG00000111452.13	ADGRD1
12	131711561	131711714	augPB-12308.t2	4	4	0	1	28	ENSG00000090615.15	GOLGA3
12	131778515	131778563	augPB-12309.t4	0	0	0	3	0	ENSG00000072609.17	CHFR
13	6638826	6638990	augPB-51.t4	0	0	0	1	0	ENSG00000151849.15	CENPJ
13	32279818	32280065	augPB-156.t4	0	0	0	1	33	ENSG00000136169.16	SETDB2
13	32439963	32440043	augPB-159.t1	0	0	0	1	0	ENSG00000152213.4	ARL11
13	34877527	34877598	augPB-178.t5	0	0	0	1	0	ENSG00000197168.13	NEK5
13	60740013	60740169	augPB-220.t1	5	1	3	2	96	ENSG00000005810.18	MYCBP2
13	63011562	63011733	augPB-227.t3	0	2	3	1	43	ENSG00000139746.15	RBM26
13	79714667	79714843	augPB-239.t2	0	0	2	1	26	ENSG00000134874.17	DZIP1
13	80078042	80078172	augPB-241.t1	0	0	0	1	0	ENSG00000102595.20	UGGT2
13	97871909	97871976	augPB-295.t2	7	5	8	21	159	ENSG00000198176.13	TFDP1
13	98192528	98192677	augPB-299.t1	0	4	0	9	107	ENSG00000185989.11	RASA3
13	98193184	98193341	augPB-299.t1	0	4	0	7	105	ENSG00000185989.11	RASA3
13	98196268	98196373	augPB-299.t1	0	3	0	7	99	ENSG00000185989.11	RASA3
14	70541	70571	augPB-5333.t4	0	0	1	3	0	ENSG00000142794.18	NBPF3
14	1920554	1920731	augPB-5352.t1	0	0	0	1	0	ENSG00000092200.12	RPGRIP1
14	5083865	5084068	augPB-5416.t4	2	0	0	2	1	ENSG00000100968.14	NFATC4
14	18970942	18970982	augPB-5462.t2	0	0	0	1	0	ENSG00000259048.1	AL392023.2
14	26370106	26370158	augPB-5479.t2	0	0	0	1	0	ENSG00000187790.11	FANCM
14	33787745	33787876	augPB-5512.t2	1	0	0	1	0	ENSG00000087301.9	TXNDC16
14	39809078	39809211	augPB-5551.t2	13	43	31	3	518	ENSG00000100578.17	KIAA0586
14	41283322	41283418	augPB-5559.t1	0	0	0	4	0	ENSG00000261120.1	AL133299.1
14	48791108	48791266	augPB-5592.t3	0	0	0	1	0	ENSG00000072415.9	MPP5
14	49279073	49279250	augPB-5603.t1	0	10	3	1	25	ENSG00000072121.16	ZFYVE26
14	50675172	50675293	augPB-5610.t3	2	2	1	1	25	ENSG00000139990.18	DCAF5
14	58475839	58475921	augPB-5681.t2	0	0	0	1	0	ENSG00000285966.1	AC007686.4
14	59460521	59460716	augPB-5697.t3	0	0	0	2	0	ENSG00000063761.16	ADCK1
14	73608727	73608780	augPB-5730.t2	0	0	0	1	0	ENSG00000140092.14	FBLN5
14	73608912	73608982	augPB-5730.t2	0	0	0	1	0	ENSG00000140092.14	FBLN5
14	75301753	75301903	augCGP-1743.t1	0	1	0	1	39	ENSG00000133958.13	UNC79
14	81918344	81918438	augPB-5774.t1	0	0	0	2	0	ENSG00000168350.8	DEGS2
14	84694779	84694876	augPB-5794.t2	0	0	0	2	2	ENSG00000198752.11	CDC42BPB
15	2075834	2075984	augPB-9132.t1	0	0	0	1	0	ENSG00000128731.17	HERC2
15	12722310	12722346	augPB-9169.t1	0	0	0	1	0	ENSG00000248905.10	FMN1
15	20637368	20637467	augCGP-10678.t1	0	0	0	53	0	ENSG00000137824.16	RMDN3
15	21465727	21465917	augPB-9234.t1	0	0	0	1	0	ENSG00000092445.12	TYRO3
15	23506256	23506363	augPB-9261.t1	0	0	0	1	0	ENSG00000168781.22	PPIP5K1
15	31900649	31900833	augPB-9318.t1	0	0	2	1	12	ENSG00000259556.2	AC090971.4
15	31901939	31902078	augPB-9318.t1	0	0	59	1	10	ENSG00000259556.2	AC090971.4
15	31903641	31903776	augPB-9318.t1	0	0	66	1	7	ENSG00000259556.2	AC090971.4
15	31904218	31904313	augPB-9318.t1	0	0	67	1	10	ENSG00000259556.2	AC090971.4
15	31905627	31905712	augPB-9318.t1	0	0	56	1	11	ENSG00000259556.2	AC090971.4
15	31906752	31906898	augPB-9318.t1	0	0	3	1	11	ENSG00000259556.2	AC090971.4
15	34500777	34500852	augPB-9330.t1	0	0	0	1	0	ENSG00000137766.17	UNC13C
15	39175228	39175487	augPB-9352.t4	4	21	1	1	15	ENSG00000157450.15	RNF111
15	43785811	43785903	augPB-9374.t1	0	0	0	1	0	ENSG00000103657.14	HERC1
15	43796513	43796770	augPB-9374.t4	0	0	0	2	3	ENSG00000103657.14	HERC1
15	48051535	48051604	augPB-9418.t1	0	0	0	1	0	ENSG00000137764.20	MAP2K5
15	52218918	52218983	augPB-9439.t1	1	1	1	1	0	ENSG00000066933.16	MYO9A
15	52219064	52219131	augPB-9439.t1	1	1	1	1	0	ENSG00000066933.16	MYO9A
15	52485952	52486058	augPB-9441.t1	0	0	0	21	0	ENSG00000175318.12	GRAMD2A
15	54910224	54910301	augPB-9466.t2	0	0	0	4	0	ENSG00000179361.17	ARID3B
15	55680672	55680913	augPB-9484.t3	0	0	0	1	0	ENSG00000140400.17	MAN2C1
15	69932006	69932084	augPB-9579.t2	0	1	0	1	1	ENSG00000140534.14	TICRR
15	71022705	71022803	augPB-9595.t1	0	0	0	1	0	ENSG00000259736.1	CRTC3-AS1
15	71034660	71034779	augPB-9595.t1	0	0	0	1	0	ENSG00000259736.1	CRTC3-AS1
15	71236190	71236447	augPB-9598.t1	0	0	0	1	2	ENSG00000182511.12	FES
15	79332402	79332610	augPB-9619.t1	1	0	0	1	1	ENSG00000140443.15	IGF1R
16	422299	422537	augPB-4698.t2	0	0	0	1	0	ENSG00000103126.15	AXIN1
16	432430	432568	augCGP-1867.t1	0	2	2	1	47	ENSG00000103126.15	AXIN1
16	446268	446409	augCGP-1867.t1	0	0	1	1	50	ENSG00000103126.15	AXIN1
16	815447	815570	augPB-4706.t2	0	0	0	4	0	ENSG00000130731.16	METTL26
16	907678	907767	augCGP-1891.t1	0	0	0	1	4	ENSG00000162004.17	CCDC78
16	972541	972559	augPB-4722.t4	0	0	0	1	0	ENSG00000127586.17	CHTF18
16	975580	975730	augPB-4722.t4	0	2	10	9	78	ENSG00000127586.17	CHTF18
16	1456799	1456849	augPB-4727.t1	0	0	0	1	0	ENSG00000260991.2	AC120498.5
16	1456934	1457098	augPB-4727.t3	0	0	0	2	4	ENSG00000260991.2	AC120498.5
16	1459923	1459984	augPB-4727.t3	0	0	0	1	0	ENSG00000260991.2	AC120498.5
16	1980928	1981083	augPB-4748.t1	0	0	0	23	0	ENSG00000095906.17	NUBP2
16	2138699	2138801	augPB-4755.t1	0	0	0	1	0	ENSG00000140986.8	RPL3L
16	2734360	2734565	augPB-4785.t1	0	0	0	2	0	ENSG00000162062.15	TEDC2
16	3288822	3288858	augCGP-1977.t1	0	0	0	2	0	ENSG00000262152.7	LINC00514
16	3293413	3293443	augPB-4801.t1	0	0	0	3	0	ENSG00000262152.7	LINC00514
16	3293521	3293554	augPB-4801.t1	0	0	0	3	0	ENSG00000262152.7	LINC00514
16	3294134	3294164	augPB-4801.t1	0	0	0	1	0	ENSG00000262152.7	LINC00514
16	3294691	3294727	augPB-4801.t1	1	0	0	1	0	ENSG00000262152.7	LINC00514
16	3297159	3297288	augPB-4801.t1	0	0	0	2	0	ENSG00000262152.7	LINC00514
16	3399813	3399877	augPB-4809.t3	0	0	6	22	0	ENSG00000130182.8	ZSCAN10
16	3423955	3424103	augPB-4810.t2	0	0	2	2	0	ENSG00000122386.10	ZNF205
16	4952590	4952678	augPB-4839.t1	0	0	0	1	0	ENSG00000153443.13	UBALD1
16	12343179	12343233	augPB-4882.t1	0	0	0	22	0	ENSG00000157045.9	NTAN1
16	14268951	14268994	augPB-4898.t2	0	0	0	1	0	ENSG00000083093.10	PALB2
16	20714463	20714653	augPB-4988.t1	0	0	0	1	0	ENSG00000099364.16	FBXL19
16	31268236	31268442	augCGP-2222.t1	0	0	0	1	125	ENSG00000103479.16	RBL2
16	36097371	36097448	augPB-5085.t2	0	0	0	1	0	ENSG00000103021.9	CCDC113
16	45701691	45701991	augPB-5131.t1	0	0	0	1	0	ENSG00000124074.12	ENKD1
16	46283193	46283301	augPB-5149.t1	1	0	0	2	4	ENSG00000103067.14	ESRP2
16	63588430	63588508	augPB-5272.t2	1	1	0	1	0	ENSG00000270124.1	AC092127.2
16	67005326	67005599	augPB-5304.t1	0	0	0	8	0	ENSG00000167515.10	TRAPPC2L
16	67832465	67832572	augPB-5315.t1	0	1	0	2	0	ENSG00000185324.22	CDK10
16	68109417	68109505	augPB-5326.t1	1	1	12	7	10	ENSG00000223959.8	AFG3L1P
16	68112014	68112126	augPB-5326.t1	0	0	0	1	0	ENSG00000223959.8	AFG3L1P
17	773631	773694	augPB-12336.t2	0	0	0	1	0	ENSG00000167693.17	NXN
17	862455	862577	augPB-12338.t1	0	0	0	7	726	ENSG00000159842.15	ABR
17	1270059	1270181	augPB-12344.t1	0	0	0	2	0	ENSG00000197879.17	MYO1C
17	4659460	4659526	augPB-12392.t2	0	0	0	2	217	ENSG00000141503.17	MINK1
17	4675572	4675675	augPB-12392.t2	2	1	2	1	114	ENSG00000141503.17	MINK1
17	5240941	5241110	augPB-12406.t4	0	0	1	2	0	ENSG00000129197.14	RPAIN
17	5300898	5300971	augPB-12409.t1	1	2	2	2	2	ENSG00000072849.11	DERL2
17	7081622	7081721	augPB-12430.t1	0	0	0	4	0	ENSG00000004975.12	DVL2
17	7800639	7800768	augPB-12465.t5	2	0	1	2	8	ENSG00000170037.14	CNTROB
17	8120455	8120556	augPB-12474.t3	0	0	0	1	0	ENSG00000178921.14	PFAS
17	35908202	35908323	augPB-12695.t2	0	0	0	1	0	ENSG00000121057.13	AKAP1
17	44202898	44203015	augPB-12748.t1	16	8	13	5	13	ENSG00000159217.10	IGF2BP1
17	46543378	46543505	augPB-12786.t1	0	0	0	1	0	ENSG00000263818.5	RDM1P5
17	49365440	49365515	augPB-12833.t1	0	0	0	4	0	ENSG00000141698.17	NT5C3B
17	49836467	49836514	augPB-12848.t2	0	0	0	1	0	ENSG00000126561.16	STAT5A
17	50095639	50095717	augPB-12856.t2	0	0	0	1	0	ENSG00000108788.11	MLX
17	52217634	52217732	augPB-12909.t1	0	0	0	1	0	ENSG00000180336.18	MEIOC
17	52276647	52276802	augCGP-5403.t1	0	0	0	1	108	ENSG00000161692.18	DBF4B
17	56227220	56227272	augPB-12948.t1	0	0	0	2	0	ENSG00000173826.14	KCNH6
17	56521380	56521505	augPB-12958.t2	0	0	0	1	0	ENSG00000108604.16	SMARCD2
17	56526523	56526631	augPB-12958.t1	0	0	0	1	0	ENSG00000108604.16	SMARCD2
17	60497686	60497874	augPB-12984.t1	2	1	4	10	40	ENSG00000171634.18	BPTF
17	61005762	61005924	augPB-12991.t1	0	0	0	4	0	ENSG00000070540.13	WIPI1
17	67453727	67453797	augPB-13015.t2	0	0	0	1	0	ENSG00000109065.12	NAT9
17	67519971	67520132	augPB-13016.t2	0	0	0	1	0	ENSG00000109066.14	TMEM104
17	68174145	68174335	augPB-13039.t3	1	0	0	2	0	ENSG00000177728.17	TMEM94
17	72657354	72657534	augPB-13107.t1	0	0	52	6	354	ENSG00000167291.16	TBC1D16
17	72980821	72980919	augPB-13113.t1	0	0	0	1	0	ENSG00000181045.15	SLC26A11
17	74416250	74416356	augPB-13133.t3	0	0	1	1	0	ENSG00000214087.8	ARL16
17	74717691	74717855	augPB-13153.t2	4	1	0	3	10	ENSG00000169750.9	RAC3
18	7620773	7620878	augPB-8765.t1	0	0	0	1	0	ENSG00000173482.16	PTPRM
18	8469154	8469314	augPB-8767.t2	1	9	2	2	12	ENSG00000101680.15	LAMA1
18	16111601	16111702	augPB-8794.t1	0	0	0	2	0	ENSG00000141446.11	ESCO1
18	16144010	16144077	augPB-8794.t1	0	0	0	7	0	ENSG00000141446.11	ESCO1
18	16232036	16232140	augPB-8796.t1	0	0	0	1	0	ENSG00000158201.10	ABHD3
18	18915869	18915935	augPB-8809.t1	0	0	0	8	1	ENSG00000141447.18	OSBPL1A
18	32425808	32425836	augPB-8850.t2	0	0	0	1	0	ENSG00000285940.2	AC009899.1
18	49691635	49691800	augPB-8898.t1	0	0	3	1	0	ENSG00000178690.3	DYNAP
18	49731254	49731364	augPB-8898.t1	0	0	3	1	0	ENSG00000178690.3	DYNAP
18	54147138	54147239	augPB-8911.t3	18	15	9	14	22	ENSG00000074657.13	ZNF532
18	65591636	65591816	augPB-8932.t1	0	0	0	1	1	ENSG00000176225.14	RTTN
18	72822644	72822677	augPB-8948.t1	0	0	0	3	1	ENSG00000265844.1	AC100863.1
19	3638322	3638554	augPB-14867.t1	0	0	0	1	0	ENSG00000105289.15	TJP3
19	3910815	3911034	augPB-14877.t2	0	0	0	1	0	ENSG00000105229.7	PIAS4
19	4086596	4086649	augPB-14882.t1	0	0	0	1	1	ENSG00000077463.15	SIRT6
19	5138712	5138793	augPB-14905.t2	0	0	0	2	0	ENSG00000105426.16	PTPRS
19	7023429	7023518	augPB-14938.t2	0	0	7	3	63	ENSG00000130544.12	ZNF557
19	7023450	7023518	augPB-14938.t1	0	0	1	4	7	ENSG00000130544.12	ZNF557
19	7024155	7024285	augPB-14938.t1	0	0	8	8	72	ENSG00000130544.12	ZNF557
19	9845681	9845822	augPB-14985.t1	1	0	1	1	31	ENSG00000105088.8	OLFM2
19	10160418	10160512	augPB-14992.t1	1	5	0	7	1	ENSG00000130816.16	DNMT1
19	12686011	12686097	augPB-15054.t1	0	0	0	1	0	ENSG00000123154.12	WDR83
19	13165760	13165996	augPB-15077.t1	0	0	0	1	0	ENSG00000104915.15	STX10
19	13935629	13935751	augPB-15085.t2	3	0	2	1	40	ENSG00000132024.17	CC2D1A
19	13936361	13936470	augPB-15085.t4	1	0	1	1	51	ENSG00000132024.17	CC2D1A
19	14773488	14773697	augPB-15104.t1	0	0	0	1	0	ENSG00000127507.18	ADGRE2
19	15281545	15281769	augPB-15107.t2	0	0	0	1	0	ENSG00000105137.13	SYDE1
19	17679857	17679975	augPB-15147.t1	0	0	0	1	6	ENSG00000130304.17	SLC27A1
19	19119441	19119525	augPB-15186.t1	0	0	0	1	0	ENSG00000105671.12	DDX49
19	19119441	19119537	augPB-15186.t2	0	0	0	1	0	ENSG00000105671.12	DDX49
19	19404396	19404566	augPB-15194.t3	0	0	0	4	0	ENSG00000184162.14	NR2C2AP
19	19404637	19404689	augPB-15194.t3	0	0	0	1	0	ENSG00000184162.14	NR2C2AP
19	19507321	19507433	augPB-15197.t1	1	0	0	1	7	ENSG00000105705.16	SUGP1
19	20121537	20121664	augPB-15208.t3	0	0	0	3	0	ENSG00000256771.4	ZNF253
19	20122165	20122258	augPB-15208.t3	0	0	0	3	0	ENSG00000256771.4	ZNF253
19	20136378	20136414	augPB-15208.t3	0	0	0	1	0	ENSG00000256771.4	ZNF253
19	20348973	20349108	augPB-15210.t1	0	0	0	14	20	ENSG00000197124.12	ZNF682
19	21408469	21408568	augPB-15218.t1	6	4	5	3	27	ENSG00000196705.8	ZNF431
19	22029423	22029506	augPB-15223.t3	0	0	0	3	0	ENSG00000198521.11	ZNF43
19	22326114	22326214	augPB-15225.t1	0	0	0	1	0	ENSG00000160321.15	ZNF208
19	23036540	23036667	augPB-15228.t1	0	0	5	8	0	ENSG00000268589.1	AC011467.2
19	23037160	23037256	augPB-15228.t1	0	0	5	8	0	ENSG00000268589.1	AC011467.2
19	30496757	30496946	augPB-15256.t4	0	0	1	1	0	ENSG00000121289.18	CEP89
19	32594591	32594724	augPB-15277.t1	0	0	0	3	11	ENSG00000168661.14	ZNF30
19	32731013	32731082	augPB-15280.t3	0	0	0	5	0	ENSG00000105707.14	HPN
19	34194499	34195102	augPB-15320.t2	1	0	0	2	0	ENSG00000142065.14	ZFP14
19	34773379	34773469	augPB-15332.t2	0	0	0	1	0	ENSG00000198453.13	ZNF568
19	35459097	35459184	augPB-15342.t1	0	0	0	1	5	ENSG00000196381.11	ZNF781
19	38341179	38341329	augPB-15397.t1	1	0	2	3	38	ENSG00000160392.13	C19orf47
19	40028823	40028853	augCGP-14629.t1	0	0	0	3	0	ENSG00000076928.17	ARHGEF1
19	41554168	41554305	augPB-15448.t2	0	0	0	1	0	ENSG00000204936.10	CD177
19	41570460	41570577	augPB-15449.t1	0	0	0	1	0	ENSG00000204933.3	CD177P1
19	43766042	43766140	augPB-15504.t2	3	1	7	6	37	ENSG00000125753.14	VASP
19	45556942	45557020	augPB-15536.t1	0	0	0	1	0	ENSG00000105321.14	CCDC9
19	47115343	47115461	augPB-15570.t1	0	0	0	1	11	ENSG00000182264.9	IZUMO1
19	49140821	49140847	augPB-15642.t1	0	0	0	41	149	ENSG00000167747.14	C19orf48
19	50105499	50105604	augPB-15658.t1	0	0	0	1	0	ENSG00000182310.14	SPACA6
19	50269581	50269668	augPB-15662.t4	0	0	0	1	0	ENSG00000161551.14	ZNF577
19	50823383	50823509	augPB-15675.t1	0	0	0	3	0	ENSG00000167555.14	ZNF528
19	52422634	52422657	augPB-15694.t4	0	0	0	1	0	ENSG00000126583.11	PRKCG
19	52422869	52422883	augPB-15694.t4	0	0	0	1	0	ENSG00000126583.11	PRKCG
19	56579629	56579750	augPB-15764.t2	0	4	0	5	1	ENSG00000121417.14	ZNF211
19	56777196	56777351	augPB-15771.t1	0	0	0	1	0	ENSG00000178935.5	ZNF552
20	12225178	12225305	augPB-14343.t1	0	0	0	2	5	ENSG00000125864.14	BFSP1
20	13142293	13142418	augPB-14351.t2	1	0	0	1	31	ENSG00000089091.16	DZANK1
20	21087260	21087366	augPB-14387.t1	0	0	0	3	0	ENSG00000213742.7	ZNF337-AS1
20	23823142	23823493	augPB-14403.t1	2	0	0	1	12	ENSG00000101224.17	CDC25B
20	24396266	24396434	augPB-14411.t2	0	3	2	1	0	ENSG00000088836.14	SLC4A11
20	24396269	24396434	augCGP-148.t1	0	5	8	2	60	ENSG00000088836.14	SLC4A11
20	31848607	31848823	augPB-14502.t1	0	0	0	1	0	ENSG00000126001.16	CEP250
20	31948673	31948830	augPB-14504.t2	0	0	0	2	0	ENSG00000088340.16	FER1L4
20	31968563	31968627	augPB-14504.t1	0	0	0	1	0	ENSG00000088340.16	FER1L4
20	32583682	32583828	augPB-14514.t2	2	1	0	1	89	ENSG00000088367.23	EPB41L1
20	40753890	40754406	augPB-14559.t1	0	0	0	1	0	ENSG00000197296.6	FITM2
20	42283452	42283501	augPB-14579.t2	0	0	0	4	6	ENSG00000101457.13	DNTTIP1
20	54803801	54803948	augPB-14662.t1	0	15	24	27	503	ENSG00000124224.17	PPP4R1L
20	60333321	60333422	augPB-14720.t1	0	0	0	3	14	ENSG00000125520.14	SLC2A4RG
20	60333804	60333820	augPB-14720.t1	0	0	0	1	0	ENSG00000125520.14	SLC2A4RG
20	60536588	60536903	augPB-14726.t3	0	0	1	5	1	ENSG00000198276.16	UCKL1
20	60542304	60542492	augPB-14726.t4	2	1	1	1	81	ENSG00000198276.16	UCKL1
21	30402614	30402732	augPB-9073.t3	0	0	0	1	0	ENSG00000160190.14	SLC37A1
21	30862483	30862580	augPB-9078.t1	0	3	1	2	27	ENSG00000160199.15	PKNOX1
21	32109798	32109897	augCGP-15143.t1	0	0	0	3	0	ENSG00000142182.9	DNMT3L
21	34387354	34387459	augCGP-15172.t1	0	0	0	1	65	ENSG00000160299.17	PCNT
21	34636750	34636800	augPB-9118.t5	0	1	0	1	0	ENSG00000160310.18	PRMT2
22	6756265	6756366	augPB-11191.t1	0	1	0	1	4	ENSG00000070371.16	CLTCL1
22	6843231	6843404	augPB-11193.t2	1	1	0	1	2	ENSG00000100056.12	ESS2
22	8029162	8029290	augPB-11212.t1	0	0	10	1	4	ENSG00000099998.17	GGT5
22	8536313	8536468	augCGP-15303.t1	0	0	0	1	0	ENSG00000178026.13	LRRC75B
22	8695069	8695146	augPB-11224.t1	0	0	0	8	18	ENSG00000189269.12	DRICH1
22	8696556	8696578	augPB-11224.t1	0	0	0	6	23	ENSG00000189269.12	DRICH1
22	8697605	8697635	augPB-11224.t1	0	0	0	6	26	ENSG00000189269.12	DRICH1
22	8703509	8703592	augPB-11224.t1	0	0	0	7	0	ENSG00000189269.12	DRICH1
22	8704070	8704092	augPB-11224.t1	0	0	0	3	22	ENSG00000189269.12	DRICH1
22	8706293	8706382	augPB-11224.t1	0	0	0	3	0	ENSG00000189269.12	DRICH1
22	8706847	8706869	augPB-11224.t1	0	0	0	7	22	ENSG00000189269.12	DRICH1
22	8709068	8709157	augPB-11224.t1	0	0	0	7	0	ENSG00000189269.12	DRICH1
22	8737697	8737840	augPB-11225.t2	0	0	0	4	1	ENSG00000272733.1	AP000345.2
22	8742358	8742441	augPB-11225.t2	0	0	0	5	1	ENSG00000272733.1	AP000345.2
22	10492067	10492184	augPB-11232.t1	0	0	0	4	0	ENSG00000100099.20	HPS4
22	19892961	19893121	augPB-11311.t1	0	0	0	1	0	ENSG00000198125.13	MB
22	20011064	20011115	augPB-11312.t2	1	1	2	1	4	ENSG00000100320.23	RBFOX2
22	22028633	22028780	augPB-11341.t2	0	0	0	6	0	ENSG00000100116.16	GCAT
22	28185065	28185303	augPB-11444.t3	0	0	0	1	0	ENSG00000100344.11	PNPLA3
2a	2747439	2747492	augPB-13245.t1	0	0	0	1	0	ENSG00000249715.12	FER1L5
2a	5538533	5538820	augPB-13268.t2	3	1	6	8	21	ENSG00000158417.11	EIF5B
2a	15500103	15500192	augPB-13296.t3	0	0	0	4	0	ENSG00000163006.12	CCDC138
2a	22224145	22224457	augPB-13339.t1	0	1	7	1	0	ENSG00000068654.16	POLR1A
2a	23391628	23391677	augPB-13357.t1	0	0	1	1	1	ENSG00000034510.6	TMSB10
2a	37201313	37201546	augPB-13419.t2	0	2	2	3	2	ENSG00000075292.19	ZNF638
2a	44017428	44017545	augPB-13461.t2	0	0	0	1	0	ENSG00000119844.15	AFTPH
2a	56235606	56235703	augPB-13505.t1	0	0	0	1	0	ENSG00000225444.2	LINC01867
2a	71518299	71518335	augPB-13563.t2	0	0	0	1	0	ENSG00000115828.17	QPCT
2a	75781326	75781422	augPB-13575.t3	0	0	0	1	3	ENSG00000049323.16	LTBP1
2a	78280029	78280115	augPB-13589.t1	0	0	0	1	0	ENSG00000162949.16	CAPN13
2a	81982913	81983240	augPB-13624.t1	0	0	0	3	0	ENSG00000138030.13	KHK
2a	84815712	84815855	augPB-13651.t1	0	0	0	2	0	ENSG00000198399.14	ITSN2
2a	88824509	88824644	augPB-13665.t4	16	20	28	4	38	ENSG00000055917.15	PUM2
2a	108143085	108143186	augPB-13727.t1	0	0	0	2	2	ENSG00000172554.12	SNTG2
2b	10027572	10027637	augPB-1052.t3	0	0	0	1	1	ENSG00000074054.18	CLASP1
2b	21304219	21304398	augPB-1085.t3	2	1	0	3	19	ENSG00000048991.16	R3HDM1
2b	38516880	38516984	augPB-1120.t4	49	51	56	30	138	ENSG00000196504.17	PRPF40A
2b	44466284	44466373	augPB-1129.t4	0	0	0	1	0	ENSG00000144283.21	PKP4
2b	44541323	44541449	augPB-1129.t2	2	1	2	3	15	ENSG00000144283.21	PKP4
2b	45163529	45163697	augPB-1131.t3	0	0	0	1	0	ENSG00000196151.10	WDSUB1
2b	83263367	83263511	augPB-1257.t2	0	0	0	2	1	ENSG00000144395.18	CCDC150
2b	88521339	88521504	augPB-1295.t1	2	13	6	3	20	ENSG00000003393.15	ALS2
2b	88545137	88545322	augPB-1295.t3	1	3	5	1	3	ENSG00000003393.15	ALS2
2b	93612641	93612719	augCGP-6038.t1	0	0	0	2	273	ENSG00000138400.13	MDH1B
2b	96581342	96581417	augPB-1327.t1	2	8	4	1	198	ENSG00000078018.20	MAP2
2b	96600906	96600965	augPB-1327.t1	1	5	1	1	38	ENSG00000078018.20	MAP2
2b	101985002	101985122	augPB-1338.t1	0	0	0	1	5	ENSG00000229267.3	SNHG31
2b	102324504	102324621	augPB-1339.t1	0	0	0	8	0	ENSG00000138363.15	ATIC
2b	105832060	105832175	augPB-1369.t7	0	0	0	12	0	ENSG00000135912.11	TTLL4
2b	106316880	106317033	augPB-1382.t2	3	1	3	7	10	ENSG00000163516.14	ANKZF1
2b	114189223	114189286	augPB-1418.t1	0	0	0	9	0	ENSG00000144468.17	RHBDD1
2b	115278090	115278270	augPB-1424.t1	0	0	0	1	0	ENSG00000153820.13	SPHKAP
2b	117091318	117091478	augPB-1428.t1	9	9	8	1	200	ENSG00000153827.13	TRIP12
2b	119745922	119745992	augPB-1448.t1	0	0	0	1	0	ENSG00000171551.12	ECEL1
2b	120797441	120797586	augPB-1458.t3	0	0	0	1	1	ENSG00000085982.13	USP40
2b	120804489	120804597	augPB-1458.t3	7	5	7	5	156	ENSG00000085982.13	USP40
2b	120825006	120825074	augPB-1458.t3	0	0	0	8	155	ENSG00000085982.13	USP40
2b	128988280	128988409	augCGP-6260.t1	0	0	1	1	177	ENSG00000176720.6	BOK
2b	129148734	129148819	augPB-1514.t3	0	0	0	1	0	ENSG00000168395.15	ING5
3	4956574	4956832	augPB-3033.t1	0	0	0	1	0	ENSG00000178694.10	NSUN3
3	6225123	6225469	augPB-3043.t2	0	0	0	1	3	ENSG00000163520.14	FBLN2
3	6805515	6805670	augPB-3048.t3	0	0	0	1	0	ENSG00000154767.14	XPC
3	7734397	7734464	augPB-3057.t1	0	0	0	1	0	ENSG00000131381.12	RBSN
3	8386274	8386367	augCGP-15831.t1	0	0	0	4	0	ENSG00000251474.6	RPL32P3
3	8924821	8925016	augPB-3076.t2	0	0	0	1	2	ENSG00000231305.4	AC112484.1
3	13215312	13215414	augPB-3107.t2	0	0	0	4	34	ENSG00000160145.15	KALRN
3	15000674	15000821	augPB-3115.t1	0	0	0	1	18	ENSG00000082684.16	SEMA5B
3	26900781	26900845	augPB-3174.t3	0	0	0	1	0	ENSG00000177707.11	NECTIN3
3	56038072	56038191	augPB-3231.t1	0	0	0	1	0	ENSG00000180385.8	EMC3-AS1
3	85171826	85171979	augPB-3330.t2	3	0	0	2	8	ENSG00000180376.17	CCDC66
3	85220949	85221071	augPB-3330.t2	0	0	0	13	261	ENSG00000180376.17	CCDC66
3	85225529	85225674	augPB-3330.t3	4	2	4	2	0	ENSG00000180376.17	CCDC66
3	89058240	89058390	augPB-3350.t1	0	0	0	18	11	ENSG00000114904.13	NEK4
3	93425628	93425713	augPB-3448.t3	0	0	0	1	1	ENSG00000164053.21	ATRIP
3	93426163	93426252	augPB-3448.t1	1	0	0	1	15	ENSG00000164053.21	ATRIP
3	94572338	94572576	augPB-3459.t1	14	1	9	2	66	ENSG00000114648.12	KLHL18
3	97413478	97413627	augPB-3490.t1	0	0	0	9	0	ENSG00000178917.16	ZNF852
3	99709643	99709997	augPB-3508.t3	4	7	5	5	26	ENSG00000182606.16	TRAK1
3	99709841	99709997	augCGP-16302.t1	14	22	2	7	118	ENSG00000182606.16	TRAK1
3	102803400	102803578	augPB-3521.t1	0	0	1	1	40	ENSG00000168026.18	TTC21A
3	103381282	103381424	augCGP-16322.t1	2	0	2	1	4	ENSG00000183873.16	SCN5A
3	103382104	103382205	augCGP-16322.t1	2	0	2	1	5	ENSG00000183873.16	SCN5A
3	103823393	103823502	augPB-3532.t1	0	0	0	1	0	ENSG00000008226.20	DLEC1
3	103829435	103829604	augPB-3532.t2	0	0	0	1	0	ENSG00000008226.20	DLEC1
3	103831527	103831719	augPB-3532.t1	0	0	0	1	7	ENSG00000008226.20	DLEC1
3	105113782	105113890	augPB-3541.t1	0	0	0	1	0	ENSG00000168016.14	TRANK1
3	139311607	139311686	augPB-3673.t1	0	0	0	1	0	ENSG00000175066.16	GK5
3	143431977	143432041	augPB-3685.t1	0	0	0	1	0	ENSG00000114698.15	PLSCR4
3	165573656	165573739	augPB-3743.t1	1	1	1	6	234	ENSG00000173905.9	GOLIM4
3	180483087	180483193	augPB-3780.t1	0	0	0	1	0	ENSG00000240063.1	AC069431.1
3	181927424	181927612	augPB-3800.t3	0	0	0	1	0	ENSG00000214160.10	ALG3
3	192313069	192313216	augPB-3846.t1	0	0	0	3	10	ENSG00000145014.17	TMEM44
4	1840718	1840847	augPB-9692.t1	0	0	1	1	19	ENSG00000168924.15	LETM1
4	12571358	12571526	augPB-9753.t1	0	0	0	1	0	ENSG00000286297.1	AC006445.3
4	37439608	37439838	augPB-9794.t2	0	0	0	14	0	ENSG00000169299.14	PGM2
4	40060686	40060890	augPB-9812.t2	3	2	2	6	89	ENSG00000163694.15	RBM47
4	41303867	41303994	augPB-9816.t1	0	0	0	35	0	ENSG00000064042.18	LIMCH1
4	47337065	47337391	augPB-9831.t3	0	0	0	1	0	ENSG00000145246.14	ATP10D
4	49868278	49868372	augPB-9843.t1	0	17	0	7	0	ENSG00000145241.11	CENPC
4	62865208	62865297	augPB-9866.t3	7	26	6	3	55	ENSG00000157404.15	KIT
4	62892649	62892821	augPB-9866.t4	1	9	1	2	11	ENSG00000157404.15	KIT
4	74097305	74097383	augPB-9910.t1	0	0	0	1	0	ENSG00000138744.16	NAAA
4	83014543	83014667	augPB-9952.t2	0	0	0	1	1	ENSG00000163624.6	CDS1
4	83019279	83019331	augPB-9952.t2	0	0	0	1	1	ENSG00000163624.6	CDS1
4	108288280	108288457	augPB-10022.t1	0	1	5	2	233	ENSG00000138802.11	SEC24B
4	108301158	108301209	augPB-10022.t1	0	0	0	1	0	ENSG00000138802.11	SEC24B
4	117534921	117535052	augPB-10048.t3	0	1	1	1	12	ENSG00000150961.15	SEC24D
4	124016498	124016749	augCGP-11623.t1	0	2	1	1	0	ENSG00000196159.11	FAT4
4	126249019	126249135	augPB-10071.t1	0	0	0	2	5	ENSG00000164066.13	INTU
4	128615452	128615494	augPB-10081.t2	0	1	0	6	1	ENSG00000249618.6	LINC02465
4	151234083	151234261	augPB-10127.t1	0	0	0	1	0	ENSG00000109670.16	FBXW7
4	169115691	169115831	augPB-10179.t1	0	0	2	2	0	ENSG00000251200.2	AC084866.2
4	169263530	169263581	augPB-10182.t2	0	0	1	1	0	ENSG00000109576.14	AADAT
4	187468421	187468575	augCGP-11801.t1	13	13	46	37	1	ENSG00000179059.10	ZFP42
5	1234398	1234541	augPB-324.t1	0	1	3	1	0	ENSG00000049656.14	CLPTM1L
5	6565163	6565187	augPB-338.t1	0	0	0	1	1	ENSG00000037474.15	NSUN2
5	6577220	6577319	augPB-338.t1	0	0	0	1	0	ENSG00000037474.15	NSUN2
5	32048652	32048753	augPB-376.t1	13	11	3	9	84	ENSG00000113360.16	DROSHA
5	35214915	35215050	augPB-393.t2	0	0	0	1	0	ENSG00000168724.17	DNAJC21
5	37463476	37463586	augCGP-9071.t1	0	0	0	1	0	ENSG00000197603.14	CPLANE1
5	48412763	48412879	augPB-431.t1	0	0	0	3	0	ENSG00000151883.18	PARP8
5	62144276	62144793	augPB-467.t1	0	0	0	1	0	ENSG00000164197.12	RNF180
5	71043469	71043579	augPB-513.t2	0	0	1	3	14	ENSG00000198780.12	FAM169A
5	77124239	77124254	augPB-549.t1	0	0	0	2	0	ENSG00000113318.11	MSH3
5	77225420	77225483	augPB-549.t3	0	0	20	1	0	ENSG00000113318.11	MSH3
5	87036534	87036614	augPB-570.t1	64	31	26	10	39	ENSG00000113356.12	POLR3G
5	91233090	91233164	augPB-578.t3	1	3	1	1	7	ENSG00000133302.13	SLF1
5	91238033	91238054	augPB-578.t3	0	0	0	1	0	ENSG00000133302.13	SLF1
5	93353783	93353880	augPB-588.t1	0	0	0	1	0	ENSG00000164307.13	ERAP1
5	93381071	93381348	augPB-589.t1	0	0	0	1	0	ENSG00000164307.13	ERAP1
5	132138746	132138871	augPB-703.t1	0	0	0	1	0	ENSG00000132570.15	PCBD2
5	135597453	135597552	augCGP-9412.t1	0	25	132	50	276	ENSG00000158402.20	CDC25C
5	138882847	138882945	augPB-772.t4	0	0	0	1	0	ENSG00000197948.11	FCHSD1
5	148814513	148814666	augPB-831.t2	1	0	0	30	146	ENSG00000196743.9	GM2A
5	167286308	167286443	augPB-893.t2	0	0	0	13	0	ENSG00000040275.17	SPDL1
5	167782342	167782398	augPB-894.t4	0	0	0	1	0	ENSG00000134516.17	DOCK2
5	174208553	174208574	augPB-932.t2	2	1	1	3	3	ENSG00000196923.14	PDLIM7
5	174328847	174329028	augPB-939.t2	0	0	0	1	2	ENSG00000169220.18	RGS14
5	174761821	174761912	augPB-947.t3	0	0	0	2	0	ENSG00000087206.17	UIMC1
5	175073877	175073907	augPB-953.t1	0	0	0	1	108	ENSG00000074317.11	SNCB
5	176754662	176754795	augCGP-9677.t1	0	0	0	1	0	ENSG00000087116.16	ADAMTS2
5	177465990	177466190	augPB-985.t1	0	1	4	5	6	ENSG00000161011.20	SQSTM1
5	177939447	177939605	augPB-990.t1	0	0	0	51	0	ENSG00000131459.13	GFPT2
6	2918946	2919009	augPB-1544.t3	0	0	0	3	0	ENSG00000137275.14	RIPK1
6	14848492	14848539	augPB-1595.t1	0	0	0	12	0	ENSG00000234261.4	AL138720.1
6	17011031	17011177	augPB-1601.t2	0	0	0	1	1	ENSG00000230873.9	STMND1
6	25651008	25651203	augPB-1630.t2	0	2	4	6	2	ENSG00000079691.18	CARMIL1
6	26442075	26442168	augPB-1643.t1	0	0	0	1	0	ENSG00000124508.17	BTN2A2
6	28776820	28776927	augPB-1677.t2	0	0	0	1	0	ENSG00000204713.11	TRIM27
6	29730439	29730551	augPB-1686.t1	0	0	0	1	0	ENSG00000204632.11	HLA-G
6	29905117	29905165	augCGP-13204.t1	0	0	99	26	1111	ENSG00000206341.7	HLA-H
6	30707347	30710194	augPB-1708.t2	16	35	79	1	212	ENSG00000137337.15	MDC1
6	30712086	30712308	augPB-1708.t2	2	3	7	1	8	ENSG00000137337.15	MDC1
6	32284711	32284878	augCGP-13279.t1	0	0	0	1	0	ENSG00000204344.14	STK19
6	34024025	34024203	augPB-1805.t1	0	0	0	4	0	ENSG00000137288.10	UQCC2
6	35195896	35196033	augPB-1816.t1	0	0	0	1	0	ENSG00000065060.17	UHRF1BP1
6	35218474	35218501	augPB-1817.t1	0	0	0	6	0	ENSG00000064995.18	TAF11
6	35358290	35358391	augPB-1818.t1	0	0	0	1	1	ENSG00000064999.15	ANKS1A
6	35814033	35814189	augPB-1825.t2	0	0	0	1	0	ENSG00000007866.21	TEAD3
6	41421646	41421795	augPB-1871.t2	10	4	5	2	13	ENSG00000001167.14	NFYA
6	41861968	41862102	augPB-1874.t1	0	0	0	1	0	ENSG00000234753.5	FOXP4-AS1
6	43293071	43293174	augPB-1899.t1	0	0	0	1	1	ENSG00000124587.14	PEX6
6	43457044	43457216	augPB-1907.t2	0	0	0	5	0	ENSG00000112655.16	PTK7
6	43533184	43533345	augPB-1909.t1	0	0	0	1	0	ENSG00000112659.14	CUL9
6	43778098	43778228	augPB-1913.t1	0	0	0	1	8	ENSG00000124574.15	ABCC10
6	43778324	43778427	augPB-1913.t2	1	1	0	2	2	ENSG00000124574.15	ABCC10
6	43916439	43916642	augPB-1921.t2	0	0	0	1	0	ENSG00000170734.12	POLH
6	47952176	47952243	augPB-1951.t1	4	1	0	2	0	ENSG00000198087.7	CD2AP
6	57777490	57777604	augPB-1978.t2	0	0	0	1	0	ENSG00000112200.17	ZNF451
6	76527487	76527602	augPB-2012.t2	15	21	4	5	18	ENSG00000146247.14	PHIP
6	80756153	80756275	augPB-2025.t1	0	0	0	1	5	ENSG00000013392.8	RWDD2A
6	81515888	81516084	augPB-2028.t2	0	1	0	1	17	ENSG00000065615.14	CYB5R4
6	81807596	81807774	augPB-2029.t1	0	0	0	2	0	ENSG00000135315.12	CEP162
6	87273510	87273675	augPB-2053.t1	0	0	0	24	29	ENSG00000112159.12	MDN1
6	87490629	87490682	augPB-2057.t1	0	4	5	1	47	ENSG00000118412.12	CASP8AP2
6	97226080	97227167	augCGP-13632.t1	31	45	18	53	176	ENSG00000132424.16	PNISR
6	102958469	102958578	augPB-2079.t3	0	3	8	6	2	ENSG00000187772.8	LIN28B
6	109358342	109358416	augPB-2123.t2	0	0	0	6	0	ENSG00000173214.7	MFSD4B
6	110147914	110148007	augPB-2128.t4	0	0	0	1	70	ENSG00000074935.14	TUBE1
6	114283506	114283588	augPB-2134.t2	0	0	0	10	32	ENSG00000178425.14	NT5DC1
6	114836955	114837152	augPB-2142.t1	0	0	0	2	0	ENSG00000196911.11	KPNA5
6	115516419	115516637	augPB-2145.t1	0	0	0	1	0	ENSG00000047936.10	ROS1
6	133931379	133931496	augPB-2203.t2	1	1	1	1	0	ENSG00000135541.21	AHI1
6	147932298	147933166	augPB-2252.t1	0	0	0	1	0	ENSG00000055208.19	TAB2
6	153846147	153846327	augPB-2284.t2	0	0	0	1	0	ENSG00000146426.18	TIAM2
7	195672	195730	augPB-3995.t1	1	0	0	3	53	ENSG00000086232.13	EIF2AK1
7	2841131	2841223	augPB-4023.t1	0	0	0	2	0	ENSG00000160908.15	ZNF394
7	3671718	3671853	augPB-4041.t1	0	0	0	1	65	ENSG00000078487.17	ZCWPW1
7	3882749	3882837	augPB-4050.t1	0	0	0	3	0	ENSG00000224729.6	PCOLCE-AS1
7	6850663	6850789	augPB-4096.t2	0	0	0	1	0	ENSG00000127946.17	HIP1
7	7187947	7188013	augCGP-6401.t1	0	0	0	3	0	ENSG00000106610.15	STAG3L4
7	8517427	8517611	augPB-4124.t1	0	0	0	10	0	ENSG00000006704.10	GTF2IRD1
7	29367399	29367463	augPB-4198.t1	0	0	0	3	0	ENSG00000122678.17	POLM
7	34977130	34977195	augPB-4222.t1	0	0	0	1	0	ENSG00000231916.1	AC006033.1
7	34977488	34977560	augPB-4222.t1	0	0	0	1	0	ENSG00000231916.1	AC006033.1
7	35077459	35077507	augPB-4224.t1	0	0	0	3	2	ENSG00000227191.8	TRGC2
7	50435887	50435926	augPB-4297.t1	2	2	3	3	7	ENSG00000122550.18	KLHL7
7	51905649	51905727	augPB-4302.t1	0	0	0	1	0	ENSG00000105877.18	DNAH11
7	51956682	51956784	augPB-4302.t1	0	0	0	1	0	ENSG00000105877.18	DNAH11
7	68553723	68553768	augPB-4341.t1	0	0	0	18	0	ENSG00000004864.13	SLC25A13
7	69327816	69327956	augPB-4345.t2	0	1	0	3	3	ENSG00000105854.13	PON2
7	77572575	77572688	augPB-4380.t2	0	0	0	1	0	ENSG00000005469.11	CROT
7	92603715	92603895	augPB-4426.t2	3	2	3	4	20	ENSG00000105856.14	HBP1
7	103455923	103456029	augPB-4453.t5	0	0	0	1	0	ENSG00000077063.11	CTTNBP2
7	116318132	116318256	augPB-4503.t2	0	0	1	1	0	ENSG00000106477.19	CEP41
7	126564759	126564957	augPB-4555.t3	0	0	0	1	3	ENSG00000146966.13	DENND2A
7	129059680	129059813	augPB-4569.t1	0	0	0	1	1	ENSG00000165125.20	TRPV6
7	141062785	141062957	augPB-4640.t2	0	0	0	2	1	ENSG00000273344.1	PAXIP1-AS1
8	21076704	21076812	augPB-13817.t3	0	0	0	1	0	ENSG00000168476.12	REEP4
8	21076704	21077004	augPB-13817.t1	0	0	0	1	0	ENSG00000168476.12	REEP4
8	21076890	21076980	augPB-13817.t2	0	0	0	1	0	ENSG00000168476.12	REEP4
8	21115411	21115512	augPB-13819.t1	0	0	0	1	0	ENSG00000168487.19	BMP1
8	21248220	21248373	augPB-13822.t4	0	0	0	1	1	ENSG00000197181.12	PIWIL2
8	22074977	22075064	augPB-13831.t1	0	0	0	1	4	ENSG00000173530.6	TNFRSF10D
8	24400011	24400070	augPB-13847.t3	0	0	0	1	0	ENSG00000104756.16	KCTD9
8	28011579	28011668	augPB-13876.t1	0	2	2	1	28	ENSG00000147421.18	HMBOX1
8	30040134	30040186	augPB-13890.t1	0	0	0	1	2	ENSG00000165392.11	WRN
8	32518930	32519087	augPB-13894.t3	0	0	0	33	1	ENSG00000129696.12	TTI2
8	58312528	58312686	augPB-13996.t1	16	22	11	2	13	ENSG00000171316.12	CHD7
8	58320377	58320515	augPB-13996.t3	1	4	0	3	1	ENSG00000171316.12	CHD7
8	64435367	64435430	augPB-14018.t2	0	0	1	1	0	ENSG00000104205.15	SGK3
8	64792467	64792522	augPB-14022.t2	6	9	6	3	35	ENSG00000066777.9	ARFGEF1
8	76507671	76507820	augPB-14050.t1	1	11	42	14	574	ENSG00000104427.12	ZC2HC1A
8	84359634	84359698	augPB-14073.t3	1	1	0	1	30	ENSG00000123124.14	WWP1
8	91852194	91852273	augPB-14095.t1	0	0	0	1	0	ENSG00000164953.16	TMEM67
8	92581833	92582100	augPB-14099.t2	5	2	1	11	9	ENSG00000164944.12	VIRMA
8	102241177	102241246	augPB-14146.t1	0	0	0	1	2	ENSG00000176406.23	RIMS2
8	123078900	123079013	augPB-14197.t2	0	1	2	2	0	ENSG00000147687.19	TATDN1
8	139380214	139380325	augPB-14227.t2	0	0	0	26	0	ENSG00000169398.19	PTK2
8	139903625	139903707	augPB-14228.t1	0	0	0	1	1	ENSG00000105339.10	DENND3
8	142200205	142200405	augPB-14242.t1	0	0	0	5	0	ENSG00000184428.13	TOP1MT
8	142253750	142253861	augCGP-1268.t1	0	0	0	1	38	ENSG00000158106.14	RHPN1
8	142512017	142512196	augPB-14251.t1	0	0	0	3	0	ENSG00000104524.14	PYCR3
8	143119271	143119371	augPB-14274.t2	0	0	0	1	0	ENSG00000179832.17	MROH1
8	143425915	143426015	augPB-14294.t1	0	0	0	1	1	ENSG00000160957.13	RECQL4
8	143426093	143426589	augPB-14294.t1	0	0	0	1	0	ENSG00000160957.13	RECQL4
8	143693064	143693275	augPB-14299.t2	0	0	0	1	0	ENSG00000196378.12	ZNF34
8	143916005	143916149	augPB-14306.t1	0	0	0	1	2	ENSG00000196922.10	ZNF252P
9	4631399	4631485	augPB-5870.t2	2	1	1	3	1	ENSG00000070610.14	GBA2
9	7141060	7141143	augPB-5914.t3	5	1	2	2	30	ENSG00000086102.19	NFX1
9	20784213	20784302	augPB-5956.t1	0	0	0	1	0	ENSG00000286685.1	AL158077.2
9	21242854	21242990	augPB-5958.t1	0	1	0	2	1	ENSG00000177076.6	ACER2
9	23296172	23296350	augCGP-3586.t1	7	0	1	5	24	ENSG00000044459.15	CNTLN
9	24959634	24959724	augPB-5970.t1	2	2	0	2	270	ENSG00000164989.17	CCDC171
9	40852951	40853103	augPB-6012.t1	0	0	0	1	0	ENSG00000107099.15	DOCK8
9	61573013	61573096	augPB-6088.t1	0	5	2	10	38	ENSG00000198000.12	NOL8
9	67053477	67053575	augPB-6115.t1	2	1	0	2	62	ENSG00000048828.17	FAM120A
9	67818120	67818202	augPB-6120.t1	0	0	1	1	0	ENSG00000175787.17	ZNF169
9	73841933	73842024	augPB-6161.t1	0	0	1	1	0	ENSG00000119509.13	INVS
9	94658363	94658413	augPB-6247.t1	0	0	0	1	105	ENSG00000226752.9	CUTALP
9	101728651	101728742	augPB-6306.t1	0	0	1	1	0	ENSG00000106991.13	ENG
9	101738350	101738392	augPB-6306.t1	0	0	0	2	315	ENSG00000106991.13	ENG
9	102300479	102300559	augPB-6325.t1	1	0	0	2	1	ENSG00000167118.11	URM1
9	103781833	103782020	augPB-6357.t1	0	0	0	1	2	ENSG00000136878.13	USP20
9	105432362	105432468	augPB-6375.t2	1	0	0	1	0	ENSG00000130714.16	POMT1
9	105436646	105436773	augPB-6375.t1	0	0	0	10	0	ENSG00000130714.16	POMT1
9	105505455	105505593	augPB-6378.t1	0	0	1	1	3	ENSG00000107263.18	RAPGEF1
9	106191448	106191487	augPB-6381.t2	0	3	0	3	2	ENSG00000107290.14	SETX
9	107367139	107367260	augPB-6402.t1	0	0	0	3	10	ENSG00000160323.18	ADAMTS13
9	107617256	107617455	augPB-6407.t1	0	0	0	1	0	ENSG00000123453.18	SARDH
9	107617826	107618008	augPB-6407.t2	0	0	0	1	0	ENSG00000123453.18	SARDH
9	109897733	109897866	augPB-6428.t3	0	0	0	3	0	ENSG00000130560.9	UBAC1
9	111181660	111181780	augPB-6469.t1	0	0	0	2	2	ENSG00000188566.13	NDOR1
9	111240693	111240885	augPB-6473.t1	0	0	0	3	0	ENSG00000188986.7	NELFB
9	111586858	111586949	augPB-6483.t1	0	0	0	6	0	ENSG00000203993.6	ARRDC1-AS1
Scaffold_39_5m	3286784	3286929	augPB-3877.t1	2	0	2	1	46	ENSG00000106009.16	BRAT1
Scaffold_39_5m	4512933	4513066	augPB-3892.t3	0	0	0	1	0	ENSG00000164880.16	INTS1
Scaffold_39_5m	5464777	5464927	augPB-3905.t1	0	0	0	1	0	ENSG00000223855.2	AC147651.1
Scaffold_45_3m	660838	660974	augPB-3929.t1	0	0	0	6	0	ENSG00000226278.1	PSPHP1
Scaffold_45_3m	1971997	1972096	augPB-3938.t1	0	0	0	8	0	ENSG00000152926.15	ZNF117
Scaffold_46_2m	2626431	2626568	augPB-13215.t1	0	10	20	11	135	ENSG00000186001.14	LRCH3
Scaffold_46_2m	2631359	2631480	augPB-13215.t1	0	0	0	10	0	ENSG00000186001.14	LRCH3
Scaffold_46_2m	2695465	2695597	augCGP-37.t1	0	3	6	1	342	ENSG00000114473.14	IQCG
Scaffold_49_3m	2191450	2191543	augPB-9657.t1	0	0	0	1	0	ENSG00000198223.16	CSF2RA
Scaffold_49_3m	2251897	2251990	augPB-9657.t1	0	0	0	1	0	ENSG00000198223.16	CSF2RA
Scaffold_53_404k	82037	82113	augPB-4668.t7	0	0	0	3	0	ENSG00000142082.15	SIRT3
X	11337151	11337261	augPB-2390.t1	1	3	1	2	0	ENSG00000181544.15	FANCB
X	11394999	11395166	augCGP-4170.t1	0	23	10	3	2	ENSG00000181544.15	FANCB
X	14889277	14889325	augPB-2410.t2	0	0	2	4	0	ENSG00000102098.19	SCML2
X	34985383	34985463	augPB-2469.t1	0	0	0	1	206	ENSG00000156313.14	RPGR
X	43341341	43341381	augPB-2501.t2	0	0	0	1	0	ENSG00000251192.7	ZNF674
X	44082216	44082456	augPB-2511.t1	18	5	11	39	130	ENSG00000102226.10	USP11
X	44249528	44249607	augPB-2512.t1	0	0	0	1	0	ENSG00000147117.7	ZNF157
X	44294978	44295121	augPB-2513.t1	1	0	3	1	29	ENSG00000147124.12	ZNF41
X	45746275	45746344	augPB-2531.t1	0	0	0	1	0	ENSG00000171433.12	GLOD5
X	46286058	46286282	augPB-2551.t1	0	0	0	1	0	ENSG00000215274.5	GAGE10
X	47771066	47771137	augPB-2560.t1	0	0	0	1	41	ENSG00000230317.2	LINC01284
X	49706874	49706932	augPB-2573.t1	0	0	0	1	0	ENSG00000184205.14	TSPYL2
X	53944000	53944027	augPB-2600.t1	0	0	0	2	0	ENSG00000165591.6	FAAH2
X	59990793	59990885	augPB-2615.t1	6	4	19	5	0	ENSG00000131080.15	EDA2R
X	59993754	59993828	augPB-2615.t1	13	9	17	6	3	ENSG00000131080.15	EDA2R
X	69029798	69029955	augPB-2673.t1	0	0	0	1	0	ENSG00000102383.14	ZDHHC15
X	71602252	71602472	augPB-2679.t2	0	0	0	1	0	ENSG00000165240.20	ATP7A
X	75043978	75044035	augPB-2687.t1	4	0	4	3	0	ENSG00000198157.11	HMGN5
X	79204900	79205027	augPB-2692.t3	0	0	1	1	0	ENSG00000155008.14	APOOL
X	95708017	95708242	augPB-2721.t1	0	0	0	4	38	ENSG00000102387.15	TAF7L
X	95878484	95878560	augPB-2727.t2	0	0	0	3	0	ENSG00000196440.11	ARMCX4
X	102492188	102492273	augPB-2778.t1	0	0	0	2	0	ENSG00000170925.3	TEX13B
X	102495546	102495717	augPB-2779.t1	0	0	1	3	44	ENSG00000277883.1	NLRP3P1
X	102503532	102503703	augPB-2779.t1	0	0	0	3	15	ENSG00000277883.1	NLRP3P1
X	102709590	102709707	augPB-2782.t2	0	0	0	2	0	ENSG00000197565.16	COL4A6
X	124194975	124195041	augPB-2860.t1	0	0	0	1	0	ENSG00000122126.17	OCRL
X	125748183	125749678	augPB-2874.t2	0	0	0	1	0	ENSG00000147256.12	ARHGAP36
X	129453774	129453865	augPB-2888.t4	2	2	3	4	14	ENSG00000156504.16	FAM122B
X	129990281	129990875	augPB-2896.t1	0	0	0	1	0	ENSG00000186376.15	ZNF75D
X	130937278	130937484	augPB-2906.t1	0	0	2	2	10	ENSG00000129680.16	MAP7D3
X	131624566	131624618	augPB-2911.t2	0	0	0	1	0	ENSG00000234062.8	AL390879.1
X	131671704	131671815	augPB-2911.t2	0	0	0	1	14	ENSG00000234062.8	AL390879.1
X	148151280	148151386	augPB-2949.t1	0	0	0	1	0	ENSG00000147394.18	ZNF185
X	148183583	148183715	augCGP-4678.t1	0	0	0	1	0	ENSG00000147394.18	ZNF185
